25
504 707 521 885 651 920 426 581 544 427 726 278 341 948 880 215 32 412 823 820 762 914 522 214 809
127 268 52 723 979 636 280 533 521 661 904 656 792 864 677 828 891 284 112 592 669 13 440 1 266
312 945 189 537 750 894 167 387 218 463 710 517 32 922 719 321 71 545 891 989 345 359 543 164 551
335 608 234 188 949 165 895 484 848 212 979 628 416 942 700 805 195 176 832 340 54 348 816 704 728
497 368 537 159 826 629 382 821 107 777 394 495 651 485 170 653 669 159 272 610 602 552 327 369 763
184 999 382 587 580 952 231 885 893 323 84 352 560 11 392 189 289 392 669 255 761 872 916 640 823
579 171 221 902 608 92 92 42 84 127 559 514 186 309 254 929 734 432 909 684 305 938 410 658 187
479 964 306 84 444 830 548 653 85 37 608 252 832 335 60 53 345 975 889 743 240 660 80 41 796
205 482 778 628 578 799 78 770 484 44 437 258 954 127 506 499 350 710 983 341 461 817 977 755 385
752 645 352 265 292 404 813 253 810 576 770 953 92 609 906 885 845 818 388 632 848 99 667 609 465
594 124 580 747 577 593 557 193 578 702 743 756 518 499 228 362 321 770 104 516 534 606 929 351 789
252 804 335 117 652 990 505 768 659 631 381 371 962 620 429 339 604 936 817 668 543 339 877 786 32
234 37 94 968 7 585 779 972 779 972 372 122 399 595 189 218 261 971 351 647 612 231 632 618 926
612 497 379 557 588 101 52 195 540 413 610 335 265 824 642 489 568 468 24 560 918 476 235 158 721
467 503 434 935 398 357 206 87 177 55 742 630 388 525 727 801 477 494 756 147 722 295 466 629 618
924 993 181 870 813 924 708 777 703 597 737 433 188 581 6 469 761 436 945 690 414 628 920 92 267
559 112 276 668 417 30 56 301 796 937 944 936 599 24 477 100 345 803 605 692 326 299 276 97 552
728 236 626 663 352 188 305 804 53 133 748 135 271 147 353 570 696 707 692 707 388 822 924 777 408
912 778 731 384 952 107 77 328 828 127 982 473 439 991 319 912 35 376 807 955 1000 261 26 600 742
472 680 772 437 945 879 975 127 101 827 604 425 654 464 579 199 649 713 651 164 853 263 675 904 469
553 798 251 802 905 998 693 349 910 979 444 213 108 328 23 225 889 551 734 601 474 770 151 236 277
910 635 543 895 305 268 608 993 309 459 320 959 717 199 637 417 389 195 85 496 179 202 912 620 104
784 538 885 516 682 937 743 468 494 721 710 131 630 697 35 562 526 315 85 618 167 194 256 890 655
90 642 660 574 676 338 777 852 281 763 938 195 309 650 1 453 788 649 418 411 739 185 62 368 850
415 922 54 782 441 662 502 248 289 785 853 818 516 961 371 674 720 962 202 383 561 550 159 344 54
