100
623 223 53 996 263 263 79 777 391 260 223 100 378 288 742 631 12 894 670 762 63 655 246 215 549 916 431 434 671 897 372 337 153 759 243 853 716 945 594 350 650 416 841 872 824 362 445 322 133 232 310 858 401 847 150 928 188 214 854 548 288 804 729 898 150 743 868 553 947 201 263 570 128 983 571 142 364 517 938 827 170 866 250 456 595 45 48 784 824 845 260 393 687 456 980 559 426 166 625 928
43 402 565 779 992 763 732 40 297 465 656 483 340 366 53 461 962 112 126 512 122 765 885 5 969 325 353 411 790 580 532 766 230 166 413 890 230 787 352 24 149 160 509 858 278 753 526 902 520 566 846 409 471 851 457 935 395 977 816 622 466 426 473 94 568 161 445 655 473 642 155 725 158 756 800 22 542 538 84 959 533 657 520 661 122 231 729 418 629 500 104 827 428 585 980 496 452 279 887 571
819 87 460 263 633 979 902 387 623 787 745 540 613 48 98 607 629 236 795 217 54 972 674 263 828 272 592 569 952 915 531 573 255 313 291 730 179 696 170 569 875 660 671 570 954 869 593 864 950 313 666 734 317 806 45 266 890 848 935 638 503 684 684 989 409 558 88 313 310 630 667 657 630 550 680 492 222 493 237 259 928 204 731 615 707 935 369 407 665 178 717 7 389 13 24 103 825 646 544 199
597 713 223 775 326 108 124 564 317 657 987 967 85 204 381 960 849 5 892 765 528 1 511 383 967 616 640 768 963 427 626 666 883 700 153 385 242 152 657 886 819 125 793 811 563 319 591 783 698 276 735 777 590 126 299 700 367 634 818 319 417 734 68 832 289 241 561 195 298 609 665 781 591 831 925 704 358 834 87 889 443 430 472 172 455 172 663 935 913 372 206 865 107 633 525 301 327 288 138 9
492 26 834 672 451 973 726 523 577 601 384 272 508 312 688 610 285 765 934 86 230 457 750 223 867 699 981 857 18 522 958 568 576 532 782 140 551 958 276 77 95 556 984 289 391 958 352 741 440 296 534 709 410 534 414 661 252 569 786 882 638 548 48 776 940 169 224 938 462 713 167 623 577 156 455 374 196 570 936 506 383 566 642 667 366 433 695 397 97 247 649 583 895 249 323 805 380 824 926 848
414 677 358 476 290 365 881 494 657 950 100 777 119 148 649 111 791 302 910 822 987 218 565 766 920 777 548 978 9 42 220 13 225 860 739 901 4 852 504 531 257 184 913 853 554 188 749 545 791 836 888 701 858 44 390 256 369 903 518 639 167 393 437 22 398 362 557 536 134 551 550 393 837 567 464 972 361 365 421 463 963 168 434 839 793 814 847 741 914 148 286 436 977 688 504 812 133 868 270 39
176 795 193 630 790 443 894 891 782 756 393 517 322 592 669 199 56 276 625 455 71 657 545 726 32 996 851 334 634 721 7 942 954 934 373 677 393 978 351 670 563 860 190 767 268 920 80 173 874 754 409 200 373 785 152 509 277 187 282 105 664 994 69 170 228 178 14 445 26 852 113 64 711 297 618 13 801 381 278 952 101 894 821 422 78 697 179 266 33 318 184 816 666 661 537 658 617 588 216 981
147 351 44 626 774 381 939 795 128 771 532 610 405 527 530 128 902 909 800 263 593 801 328 815 318 251 163 659 638 590 760 841 97 726 990 614 944 435 562 166 690 58 473 296 926 246 935 675 455 255 854 390 21 731 147 791 781 844 428 77 279 55 73 528 594 628 550 345 466 249 844 683 599 708 215 360 590 491 317 994 201 898 420 602 779 748 505 552 697 381 562 996 925 823 88 774 333 53 68 365
528 591 684 828 693 980 12 213 284 881 695 144 662 375 867 859 28 523 969 436 617 971 52 954 433 389 498 39 345 156 528 868 511 86 327 508 675 160 131 642 451 908 5 854 367 268 482 298 378 309 572 391 590 164 670 98 841 191 229 406 604 186 647 87 344 899 37 906 408 829 99 679 544 886 552 30 482 583 979 26 427 403 460 897 860 259 206 487 845 913 494 754 857 946 501 758 746 20 740 292
653 836 884 876 561 291 555 106 210 938 852 350 394 85 372 197 331 161 407 800 182 37 929 580 73 90 338 42 83 747 187 363 868 688 674 373 135 597 870 672 629 57 369 692 660 607 845 243 937 204 605 468 220 648 135 51 770 140 934 576 324 472 116 363 71 136 75 144 737 29 677 173 737 154 30 88 652 924 269 727 420 908 714 239 717 892 770 845 361 410 760 352 263 760 618 570 798 617 608 468
788 789 981 593 592 474 442 165 852 935 507 863 753 631 439 345 182 245 56 797 11 35 476 217 862 557 950 52 383 720 200 404 895 942 298 219 35 50 158 507 707 338 0 832 482 738 925 487 922 606 596 216 56 849 517 514 311 400 422 67 562 571 342 507 122 157 393 207 997 719 556 558 680 972 480 545 533 944 397 445 801 655 838 197 513 80 504 712 706 899 701 365 485 166 843 507 800 506 186 10
580 582 340 64 131 498 443 861 353 426 570 225 913 687 921 935 145 539 954 78 718 804 937 22 729 174 314 284 917 431 776 452 279 621 539 888 877 365 960 11 681 53 625 772 802 977 921 927 99 101 531 56 397 54 631 251 760 690 996 937 133 565 522 282 289 677 221 532 594 656 498 511 858 374 381 959 332 954 441 693 644 812 857 387 619 784 190 330 337 130 507 320 615 537 297 996 660 988 661 93
11 450 734 903 311 110 177 749 317 539 660 764 12 657 815 607 407 433 252 796 81 851 149 734 51 768 912 227 954 33 77 386 356 908 648 406 548 324 864 918 684 536 949 282 633 664 926 414 238 595 660 674 329 309 565 147 108 867 136 381 490 462 624 340 747 689 551 589 397 52 686 648 163 372 302 33 777 587 891 819 717 956 997 526 543 731 263 41 937 393 880 817 578 97 987 812 580 46 976 866
203 842 986 836 217 420 184 965 912 187 985 223 292 93 712 654 928 848 643 127 14 677 361 626 538 231 931 579 806 946 580 791 214 250 249 858 149 815 404 190 45 324 594 62 312 894 788 804 17 366 264 155 812 895 804 577 698 782 423 622 148 254 648 888 859 85 535 141 834 284 49 550 886 376 731 678 251 351 22 426 541 830 41 168 81 758 178 488 146 759 126 256 415 237 203 684 652 449 455 271
706 583 338 75 130 70 681 782 224 375 750 498 758 63 408 6 2 583 51 799 917 602 123 535 598 40 793 524 638 811 796 692 765 361 396 969 799 458 582 481 727 22 193 895 851 193 202 431 918 126 769 809 273 601 637 439 652 924 156 57 285 267 321 204 798 816 973 400 805 36 733 969 330 135 86 455 868 178 103 469 886 645 446 719 780 487 702 693 753 531 590 525 303 996 200 276 879 304 91 4
30 851 716 858 444 994 948 912 972 859 78 468 24 802 607 23 32 233 680 107 152 597 796 431 748 413 187 719 499 569 908 402 698 350 387 973 245 38 462 184 764 932 979 874 810 285 952 771 874 431 625 748 162 71 113 555 899 213 634 942 99 433 733 206 367 413 272 868 415 658 666 550 862 377 881 613 582 738 700 92 114 803 408 274 825 243 599 841 1 667 380 158 192 298 257 846 944 940 762 57
574 135 340 906 200 657 378 467 425 585 437 920 597 597 926 860 214 821 141 543 828 776 663 15 902 95 296 190 779 648 634 898 644 10 832 376 644 604 701 284 815 798 168 341 617 633 982 53 824 453 805 80 54 550 640 758 271 831 286 670 451 939 89 204 519 916 328 720 190 767 182 660 883 829 258 452 915 763 333 508 649 7 823 165 692 950 523 422 754 254 395 42 223 721 691 971 956 409 413 946
488 736 124 504 125 165 5 540 88 818 985 11 99 59 506 965 490 886 57 293 8 441 637 363 623 671 27 189 572 106 931 816 691 645 117 698 801 490 379 108 753 355 695 958 731 105 849 223 1 957 898 405 560 807 91 167 523 649 616 632 265 421 770 583 594 44 986 594 206 44 583 120 540 148 383 622 473 266 585 889 761 255 386 923 78 654 897 860 255 539 268 89 502 182 331 113 227 305 436 263
265 836 758 245 289 615 826 793 233 758 480 734 782 809 697 961 473 540 533 890 255 844 254 961 695 751 345 908 899 457 315 390 818 256 819 516 461 549 610 363 946 659 691 739 984 819 623 660 556 107 370 760 985 525 730 598 855 246 454 893 255 452 508 478 746 923 930 576 460 315 457 483 369 287 121 620 683 187 493 855 827 888 708 822 737 8 548 746 248 337 376 192 399 686 717 454 819 717 751 212
460 915 558 942 558 864 427 302 841 222 608 190 378 328 722 765 678 299 904 19 728 157 142 196 275 812 933 223 648 767 930 606 582 753 339 126 228 52 930 730 275 734 582 95 874 590 299 933 715 894 528 625 888 325 111 133 695 970 212 43 234 220 431 181 522 751 41 222 302 338 750 584 636 692 230 808 772 444 671 329 918 164 537 793 630 512 845 739 166 880 331 897 87 470 750 920 637 821 241 648
957 335 726 544 814 880 459 501 893 474 175 442 313 451 170 877 891 193 55 911 508 89 133 948 559 115 874 915 142 663 340 775 572 26 745 974 61 243 204 451 320 651 10 111 361 417 861 686 348 602 945 185 128 635 152 847 174 260 84 920 612 368 941 222 424 148 172 947 9 89 228 514 541 685 307 738 213 69 909 51 275 127 557 374 198 787 294 338 875 168 801 610 335 419 280 984 692 648 73 377
535 278 299 82 918 278 750 466 927 248 754 448 984 566 217 486 535 808 227 642 382 412 531 695 756 282 178 904 948 24 268 37 529 228 361 46 771 831 736 144 993 338 494 89 445 226 568 856 240 437 324 384 276 964 919 459 847 334 582 840 784 255 399 927 730 229 65 223 336 355 401 532 17 943 808 48 986 971 353 271 25 786 507 840 537 802 40 92 332 617 253 856 752 138 857 686 905 238 757 118
401 209 460 207 809 128 317 835 65 706 542 526 161 589 468 92 674 99 340 945 864 568 464 246 804 931 461 230 409 650 793 891 531 187 586 602 745 102 499 244 696 15 114 841 620 363 120 696 909 179 103 935 821 385 63 494 195 448 72 769 238 386 857 569 574 730 723 984 602 648 621 793 173 269 263 878 698 70 993 846 416 607 284 578 91 450 70 864 810 879 755 604 122 866 818 180 966 59 527 444
62 941 876 31 330 55 293 209 634 752 407 508 985 202 80 517 438 187 592 687 3 681 501 600 417 104 405 70 289 577 418 584 318 831 977 936 520 10 268 122 79 37 370 631 269 319 901 311 847 898 261 244 876 654 382 555 609 805 499 454 371 936 273 193 567 435 574 450 457 232 375 212 148 391 915 161 8 791 907 66 289 628 111 980 981 157 622 191 669 74 799 35 234 482 386 200 47 997 174 845
724 72 967 170 171 516 10 419 694 62 504 278 989 374 639 854 940 286 603 509 599 207 637 83 402 58 762 789 559 323 732 235 343 298 506 933 127 223 31 917 666 57 364 333 342 23 993 90 543 617 460 214 65 361 843 803 301 197 118 581 141 241 879 443 274 961 432 359 471 564 772 88 894 555 975 793 888 816 779 780 464 150 465 887 441 664 82 678 980 296 491 676 983 56 970 698 391 129 262 306
935 51 174 180 617 936 571 958 647 696 858 555 433 749 550 155 224 653 597 545 439 201 53 386 953 121 963 192 576 686 369 496 800 844 575 793 416 845 664 43 174 393 522 550 150 948 313 666 31 8 443 54 447 969 777 550 827 800 896 85 541 160 401 786 74 545 752 247 536 255 523 145 584 61 286 159 289 530 135 184 589 74 786 645 122 734 480 716 138 399 901 134 285 985 807 249 841 529 884 209
374 845 129 871 11 506 380 209 298 778 326 126 626 298 37 551 788 436 929 333 689 860 956 316 524 391 360 597 782 262 968 407 268 869 837 231 728 246 457 253 794 586 818 879 415 686 972 797 335 306 951 34 755 638 659 90 312 902 523 989 334 625 636 467 861 23 454 185 594 749 955 103 414 710 252 810 737 14 763 84 93 308 425 854 296 390 403 22 702 257 921 868 901 882 529 814 968 206 855 44
572 922 978 197 334 155 916 514 496 34 572 563 696 414 419 973 633 131 775 712 588 764 684 860 675 42 449 520 214 500 408 276 176 473 138 593 378 806 540 7 442 262 69 719 263 187 310 952 796 400 361 842 731 264 880 131 152 814 559 410 590 687 150 496 301 694 835 394 648 160 376 380 628 950 876 348 704 64 742 818 626 947 428 103 225 460 208 200 757 182 123 462 935 727 299 419 876 181 969 956
455 46 454 167 903 690 688 365 365 35 147 309 734 520 903 196 152 350 327 249 188 959 47 79 885 746 732 285 229 566 652 353 34 644 720 164 253 534 937 432 799 113 615 889 512 646 765 101 302 181 880 503 206 335 637 630 132 374 563 37 824 264 357 517 438 600 857 653 84 481 258 804 425 724 228 641 924 253 8 77 141 722 358 866 400 68 211 262 352 142 804 780 569 809 838 733 983 784 35 192
253 6 116 730 735 828 408 854 684 491 75 550 407 730 239 801 124 47 949 394 482 598 213 115 960 310 512 951 16 566 621 338 777 553 557 693 316 949 524 783 946 38 623 505 594 222 19 229 860 797 965 370 196 422 563 280 915 918 381 271 714 856 85 223 189 603 792 413 450 886 965 129 341 903 571 745 631 983 689 720 91 343 566 717 941 805 136 767 946 977 431 414 93 537 717 49 647 891 22 500
329 158 309 42 478 266 887 584 92 417 487 992 867 723 835 451 736 363 497 706 90 23 136 235 418 763 170 371 833 574 572 757 164 818 537 984 80 798 468 349 493 227 962 862 908 414 340 92 344 194 788 145 955 947 455 585 461 49 237 907 92 132 223 766 338 671 623 424 615 755 812 466 79 407 192 279 255 725 42 863 304 931 399 759 281 442 738 212 545 186 695 363 833 764 373 293 170 710 568 932
70 576 255 725 524 807 419 121 725 873 109 270 653 325 826 327 811 639 11 390 554 970 989 361 464 483 194 998 54 262 161 214 648 524 108 482 770 694 553 437 256 166 566 576 2 802 36 248 266 980 344 393 187 175 406 452 698 956 909 460 446 634 968 169 724 619 231 380 968 250 660 269 85 764 307 770 994 340 2 831 736 478 826 76 766 647 154 381 222 851 304 159 802 163 113 360 503 291 587 820
197 297 418 554 806 887 398 907 501 382 433 15 892 545 654 167 918 805 404 194 102 524 723 497 460 227 934 580 505 676 851 661 665 834 404 407 405 85 589 964 821 922 271 633 31 132 530 336 484 271 681 870 180 533 228 701 906 768 252 968 222 384 114 927 31 175 757 408 342 18 291 61 29 589 864 554 297 15 155 551 80 847 661 488 960 689 226 302 78 740 669 431 960 419 799 257 244 824 273 905
550 772 110 854 693 583 102 326 981 71 551 78 851 86 704 387 582 739 464 432 522 600 159 181 890 174 651 836 330 225 415 409 71 883 715 977 685 858 848 567 637 208 129 914 17 490 367 993 460 241 703 717 407 951 703 672 580 213 707 82 518 662 821 478 848 3 307 687 750 926 43 878 812 340 598 757 27 326 749 223 765 378 45 553 811 428 672 32 240 645 125 745 354 855 124 974 569 376 337 724
262 810 750 18 249 133 884 521 321 717 940 698 336 653 60 298 325 307 600 615 685 307 281 651 717 718 788 578 931 279 365 483 157 795 901 755 352 760 821 587 909 472 8 563 590 290 739 901 653 663 940 105 111 861 180 627 643 826 399 585 970 993 197 764 311 618 581 629 487 915 166 936 397 417 514 612 747 70 459 133 351 213 187 188 907 512 800 536 904 538 901 664 944 530 812 19 436 772 522 497
351 693 768 593 705 265 168 902 576 131 792 116 525 154 808 363 565 706 599 490 553 333 788 907 29 82 938 706 90 645 138 445 97 330 661 709 286 506 623 163 51 613 337 408 482 412 854 303 158 918 521 244 377 867 120 903 44 608 810 189 327 994 240 214 77 762 545 799 654 0 373 540 82 843 478 496 334 567 393 974 395 477 709 401 713 305 881 757 354 863 365 753 739 84 669 333 217 979 913 30
375 997 105 99 439 230 969 219 986 523 674 680 407 913 471 205 239 976 729 598 685 569 234 554 849 837 365 815 185 646 595 775 113 352 618 754 825 704 593 73 269 119 476 98 212 988 195 16 198 218 860 318 479 70 569 49 340 105 851 148 23 869 929 358 525 435 852 231 713 814 862 663 389 764 925 745 69 510 802 507 356 500 10 735 238 333 874 1 923 435 821 136 439 123 804 603 280 50 725 966
997 115 170 289 362 877 623 810 473 936 913 59 341 726 588 669 61 740 679 965 449 204 546 873 488 572 781 50 966 963 921 628 809 886 5 583 830 457 989 532 36 891 802 777 310 850 198 171 153 111 469 176 609 81 432 862 596 429 814 156 534 634 224 316 344 561 30 512 407 791 958 982 160 249 677 302 474 580 906 656 600 475 551 402 922 555 931 965 822 568 312 60 536 385 442 746 617 426 639 710
657 303 151 893 83 210 960 882 4 342 457 222 54 298 614 546 310 750 850 103 138 936 567 647 57 474 293 673 669 511 89 471 663 441 732 279 376 243 505 526 809 976 295 242 730 606 839 671 96 228 499 968 423 816 799 493 291 614 23 95 252 382 132 381 402 676 320 809 31 218 186 351 708 858 654 862 449 390 341 394 679 284 208 224 490 693 948 620 717 134 427 309 785 533 896 708 211 909 131 452
341 77 25 287 648 343 988 504 5 772 772 360 156 800 84 344 625 362 244 473 482 421 413 194 38 438 324 949 686 446 592 401 485 11 477 167 506 954 614 138 16 515 84 405 838 940 758 730 166 739 97 701 321 518 192 760 824 619 738 533 174 233 472 487 473 668 322 117 572 444 865 669 316 850 443 385 581 611 353 466 868 519 822 985 752 782 477 388 888 575 0 273 748 18 189 114 682 994 520 836
527 600 127 955 22 330 593 777 859 410 607 936 661 547 193 785 784 5 159 341 865 839 113 199 471 304 983 878 778 651 613 307 33 415 302 830 92 434 298 937 359 844 493 331 617 873 277 423 17 627 970 365 268 429 24 515 695 631 420 992 162 641 843 716 328 641 80 673 416 685 879 872 884 249 545 840 71 90 770 657 545 773 626 358 239 508 713 699 477 896 996 401 370 430 499 284 799 63 711 467
637 721 391 508 720 163 933 804 554 157 200 673 968 798 706 171 893 877 314 375 955 692 696 831 905 621 791 297 152 525 658 701 54 723 704 620 957 85 608 190 294 688 251 85 981 771 493 521 387 496 404 609 382 155 93 840 259 626 441 63 959 648 281 967 329 75 334 398 156 96 312 285 168 369 136 388 336 740 681 65 849 354 382 564 49 685 770 752 395 378 586 150 171 588 641 313 443 127 888 604
371 516 761 695 98 224 160 937 187 703 89 330 124 409 866 128 926 404 58 645 118 216 178 215 693 381 59 472 820 616 137 4 751 6 117 534 925 346 543 861 335 574 994 527 864 202 241 479 341 425 684 196 698 815 625 20 373 891 537 158 520 114 624 644 26 860 812 1000 610 258 604 814 664 81 940 399 172 297 537 208 492 573 503 507 510 547 541 832 974 115 290 697 652 495 890 357 536 401 657 445
568 615 832 4 373 776 996 875 644 595 544 372 126 439 953 460 426 125 783 790 527 576 223 774 167 347 194 990 83 577 523 311 815 89 68 339 871 183 968 73 307 39 746 465 520 542 692 767 24 639 554 306 412 767 277 272 686 750 636 315 273 13 9 438 605 479 792 497 141 168 253 145 983 19 222 888 909 238 331 165 864 579 246 718 387 305 433 2 75 956 726 258 450 346 649 892 604 178 532 425
861 619 849 192 368 884 185 232 204 675 112 115 323 148 607 708 575 566 844 286 910 210 826 51 99 531 840 284 541 55 183 80 933 847 331 364 337 422 582 797 838 755 990 5 479 101 501 903 143 104 338 75 739 52 881 897 298 153 995 887 596 608 6 2 653 657 480 296 848 642 828 8 139 67 667 57 329 275 330 656 896 540 305 62 520 281 315 472 333 321 769 134 399 84 142 876 72 651 9 239
618 594 465 153 730 536 527 433 847 221 469 997 453 433 116 942 5 291 444 37 637 554 255 169 884 266 118 262 638 244 352 224 997 170 263 96 911 57 80 658 342 266 355 620 117 802 361 864 512 499 20 286 653 874 390 701 306 766 388 894 799 408 378 891 988 669 424 181 221 323 334 614 713 485 877 56 632 957 466 233 999 374 670 372 128 437 858 938 70 708 204 120 17 33 934 656 504 110 266 572
714 124 164 599 600 59 265 601 233 930 84 427 235 314 493 490 130 867 243 870 552 650 714 644 256 673 163 173 271 438 57 356 532 735 55 274 708 320 955 743 950 320 694 598 998 272 263 706 468 153 370 882 640 457 47 813 591 242 300 720 503 209 539 901 866 871 225 92 387 495 382 164 852 639 909 844 982 89 822 500 653 479 847 372 111 807 571 661 444 764 720 743 781 576 321 373 372 153 474 740
757 423 568 767 579 379 359 757 527 255 290 166 270 235 60 310 110 842 182 979 887 359 377 958 157 877 432 94 890 550 96 357 498 877 414 637 109 356 577 833 999 128 380 386 133 103 911 894 320 882 782 501 967 230 475 478 552 16 978 355 302 834 630 968 9 268 731 476 478 134 119 564 59 449 51 651 330 844 495 981 784 3 896 482 909 352 328 927 291 397 457 390 729 896 77 327 201 686 398 760
556 406 443 315 667 214 345 908 555 136 532 524 327 295 345 372 61 437 22 783 14 778 84 169 492 121 276 559 868 160 58 934 928 158 228 681 482 754 614 411 826 519 696 577 183 550 391 866 826 291 553 924 358 815 32 559 521 992 165 804 123 718 900 522 445 948 124 114 460 192 403 34 1000 714 826 198 959 99 202 665 234 480 891 439 815 122 526 588 195 644 613 531 589 669 829 956 62 173 159 449
267 195 12 687 620 738 438 214 752 693 144 668 534 289 328 767 230 168 64 606 619 449 802 258 542 131 735 589 998 118 406 423 88 758 30 709 449 278 910 5 818 369 219 771 839 438 777 678 6 206 848 336 357 623 354 569 373 300 761 834 325 191 182 415 320 156 794 999 178 62 61 252 942 334 831 862 146 204 721 649 130 85 338 177 850 11 880 463 434 441 3 189 157 428 932 999 854 668 393 425
488 422 885 940 802 527 975 993 292 617 446 906 995 332 405 195 192 602 476 270 509 179 230 559 527 664 148 845 684 940 673 962 630 388 603 391 500 192 862 721 363 324 203 89 545 603 758 928 557 20 981 969 179 235 289 106 875 935 111 468 8 886 697 198 333 592 904 394 878 513 572 807 169 372 887 970 37 149 754 245 388 423 597 726 576 708 513 699 623 937 976 217 720 543 863 448 616 761 692 923
748 380 567 872 695 997 902 629 85 90 673 915 487 365 146 189 617 713 7 644 824 562 180 879 53 344 114 82 187 682 322 98 803 264 399 838 453 412 831 465 898 884 711 263 549 998 862 675 623 944 462 773 749 9 402 731 888 38 443 466 133 368 71 725 333 360 604 460 571 735 87 847 612 35 579 795 36 209 993 875 329 432 592 886 322 162 904 980 72 239 787 735 445 597 898 434 572 918 69 367
255 966 217 291 74 241 865 944 465 620 39 685 521 150 203 931 622 469 436 153 242 933 573 801 939 764 871 558 626 803 169 260 471 94 692 138 111 726 667 705 868 300 718 158 551 74 759 693 575 335 849 638 909 378 976 636 961 893 446 945 536 355 784 958 857 797 663 470 388 415 143 152 25 527 779 639 280 798 923 788 368 171 726 56 149 55 857 205 9 260 50 963 659 398 60 562 453 54 243 77
696 796 419 584 306 627 340 234 50 62 230 655 284 150 702 304 578 239 229 720 349 942 71 494 434 155 37 130 81 395 828 991 879 57 232 758 700 417 440 600 797 712 536 620 833 84 125 875 333 600 51 969 490 169 222 297 999 637 429 616 723 341 308 725 509 623 248 78 110 698 9 659 660 105 219 846 128 471 366 914 548 70 657 7 719 129 119 796 830 184 432 567 809 216 505 370 781 15 522 236
975 942 925 896 221 637 868 598 487 876 238 738 805 874 703 707 41 27 113 695 730 633 6 611 215 307 467 402 648 22 121 305 356 810 160 811 220 334 596 883 889 538 406 519 113 760 246 282 612 923 328 453 443 73 403 330 719 129 150 806 97 355 335 285 930 594 404 83 345 834 49 669 185 798 684 82 962 933 206 159 692 345 838 319 659 789 909 630 723 639 683 442 618 301 120 971 803 686 75 968
198 597 232 430 723 187 916 134 281 545 679 597 204 793 868 826 906 246 7 322 936 113 85 697 108 718 750 88 890 354 248 362 755 832 455 327 671 220 656 713 143 129 303 858 920 494 173 341 695 375 208 672 284 834 84 926 491 599 580 722 778 802 163 261 441 750 241 33 431 857 78 657 964 583 370 733 857 427 134 601 422 951 775 393 876 247 559 323 530 175 951 173 828 742 282 280 331 296 907 554
5 221 151 176 990 700 538 385 453 129 173 982 310 695 967 422 700 0 712 848 152 999 490 75 369 773 668 686 939 173 504 223 718 365 605 223 837 296 727 615 979 628 55 936 109 646 470 349 414 727 124 576 133 900 86 428 735 504 425 45 362 91 3 757 25 845 726 722 432 571 373 252 37 881 553 83 519 113 225 702 816 216 54 81 844 772 542 136 126 439 142 776 652 236 363 577 852 465 536 882
3 201 258 695 483 574 682 663 447 355 811 550 221 249 718 885 944 116 348 167 777 461 617 108 351 662 989 161 747 360 144 868 233 368 278 976 650 846 844 402 600 516 873 966 859 32 705 859 251 988 898 552 788 37 541 747 620 405 740 353 738 376 690 442 636 274 827 778 772 622 511 548 353 689 202 82 668 902 379 380 758 184 986 374 349 381 803 350 868 622 677 218 695 845 214 677 964 181 310 204
765 100 542 548 288 374 242 149 566 294 386 942 69 590 82 172 120 550 981 191 623 302 227 616 455 755 464 17 265 124 245 885 686 194 11 904 167 872 565 290 660 155 570 117 3 644 971 679 980 386 27 186 764 915 570 212 230 525 74 609 343 802 400 583 715 149 987 331 447 278 439 69 794 532 540 699 927 299 882 757 939 918 650 96 487 687 244 176 577 188 399 750 981 677 438 985 59 785 533 704
487 429 468 660 219 38 373 419 548 664 144 730 516 383 422 160 554 24 278 405 751 84 12 991 301 740 627 392 625 160 680 398 714 959 769 43 218 127 872 677 739 964 434 650 811 134 337 586 925 662 4 155 412 807 355 788 500 203 321 553 512 15 702 454 49 307 388 541 604 252 985 690 206 739 672 273 963 445 756 255 326 683 377 622 843 425 293 940 474 744 574 582 314 173 434 729 836 803 288 521
508 765 182 317 813 705 633 989 363 570 393 539 790 280 780 694 185 880 264 198 762 798 599 208 964 272 1000 674 816 98 591 770 450 608 238 397 790 469 91 470 745 475 981 437 531 198 27 442 3 107 880 348 420 641 506 14 207 786 204 909 926 57 803 539 666 942 420 533 7 957 473 402 401 990 830 30 662 774 970 927 752 442 817 422 643 591 792 287 917 662 434 830 74 343 789 307 389 352 288 532
969 177 151 292 919 452 997 394 1 634 35 593 266 787 992 411 394 416 103 527 289 35 294 606 964 773 252 31 382 687 837 966 923 109 819 539 654 987 702 7 153 36 848 820 286 76 453 687 54 292 838 101 648 227 366 264 473 945 795 326 11 952 558 272 963 844 957 675 392 194 164 339 470 776 734 743 708 675 838 478 389 951 87 969 612 470 818 224 453 412 734 664 799 276 151 171 404 895 275 165
443 599 957 682 933 722 892 363 674 138 40 867 583 409 39 950 75 871 46 993 662 135 804 814 244 189 822 28 513 668 543 247 33 386 981 701 390 241 559 692 882 943 324 190 422 268 68 875 726 368 261 110 893 404 546 517 651 853 69 901 668 589 77 483 645 422 27 755 263 791 680 311 382 768 605 90 745 18 750 684 525 248 120 749 317 701 952 803 76 438 979 788 61 906 619 530 441 680 868 252
948 155 98 88 66 128 382 516 353 197 449 973 890 400 768 918 297 52 742 518 442 802 436 822 180 271 686 931 825 730 268 207 787 514 612 592 362 368 807 1000 556 732 273 84 671 292 64 930 621 946 911 183 670 87 632 346 548 323 465 864 991 366 136 935 50 997 829 494 244 105 904 747 257 503 733 20 918 593 451 894 749 488 211 792 488 662 932 515 402 18 153 702 918 231 992 244 513 87 554 324
635 243 749 977 709 393 992 612 845 119 222 601 211 522 569 944 921 358 913 566 45 674 273 839 193 383 790 568 178 856 272 661 355 211 509 402 628 319 806 734 190 279 956 353 406 598 788 252 281 613 593 570 68 636 233 235 990 731 345 122 389 890 952 885 984 75 875 298 984 259 721 129 55 81 937 553 287 327 618 774 196 431 507 739 572 350 836 732 847 530 904 694 11 474 275 581 430 478 407 323
578 431 616 340 982 723 414 868 131 526 232 166 421 622 937 250 944 760 204 841 15 294 341 615 20 471 453 236 873 222 161 301 368 205 413 327 219 377 482 585 808 33 571 405 472 865 157 672 953 759 220 550 148 440 406 26 659 327 106 301 647 978 425 134 5 423 857 134 610 7 23 389 637 773 434 241 532 53 877 716 929 808 772 666 24 474 755 749 345 201 247 380 488 652 517 788 826 909 696 249
24 426 104 373 738 704 595 28 63 758 755 911 747 413 718 600 751 117 846 887 502 57 6 107 348 933 316 667 3 404 960 758 109 91 588 425 58 836 632 428 769 442 600 18 791 860 748 532 559 668 60 180 991 124 89 643 341 577 467 111 328 20 469 930 921 332 873 454 593 57 509 73 463 535 370 636 531 391 776 602 305 928 743 639 745 66 301 582 807 220 159 179 93 902 49 307 991 830 314 505
131 91 877 863 880 448 590 861 383 527 567 209 122 677 538 218 4 647 749 146 247 285 892 149 400 525 383 680 597 48 70 532 355 314 255 540 474 262 205 231 302 665 661 291 183 19 609 23 83 665 890 965 201 952 647 987 421 87 160 986 675 318 679 341 504 435 803 787 926 208 272 371 18 144 319 409 378 229 320 850 547 619 858 452 636 660 869 659 101 928 53 58 85 187 710 172 485 783 540 756
353 184 863 887 775 51 776 157 944 123 344 778 679 233 629 1000 561 246 624 204 779 864 839 380 409 723 746 963 727 748 30 22 85 451 397 815 889 316 593 728 791 384 527 701 983 474 837 960 659 820 325 971 151 617 600 734 322 430 70 517 865 711 290 312 902 762 578 305 615 239 593 431 712 730 301 476 11 184 337 755 938 702 826 318 345 2 906 294 89 814 493 120 92 603 439 240 8 732 989 963
491 701 696 849 177 289 575 561 552 236 991 735 64 794 610 980 639 39 709 648 806 189 2 966 856 330 892 295 264 739 588 320 522 559 219 964 976 731 468 743 476 399 115 590 538 324 761 249 745 135 295 662 973 575 378 551 257 218 7 150 136 915 644 159 463 466 911 258 644 866 112 266 742 344 439 417 35 243 476 423 412 694 340 159 86 939 85 813 213 644 529 488 863 138 960 130 825 964 736 403
242 219 431 81 55 368 562 888 377 728 783 823 175 667 163 730 251 11 1000 955 504 447 633 139 119 575 862 654 382 70 282 519 302 475 646 490 276 0 770 973 456 816 567 603 623 345 300 143 537 769 665 7 854 838 98 247 831 107 7 338 12 82 328 843 288 943 754 811 137 757 33 424 442 58 435 233 711 721 642 257 348 796 544 55 744 95 276 523 501 606 944 862 529 124 974 729 81 251 994 955
0 152 44 173 405 113 476 560 750 664 541 580 851 744 607 503 243 835 650 400 376 159 424 264 63 60 343 301 350 379 817 370 398 509 731 848 519 856 484 383 734 603 892 423 110 503 609 304 442 819 900 624 311 951 49 732 176 136 2 612 253 990 488 768 954 218 357 168 340 415 517 783 502 373 553 520 360 390 666 126 760 713 449 932 588 862 320 290 528 82 563 955 533 589 121 168 550 942 763 765
794 939 923 140 61 325 119 267 811 464 754 557 384 732 441 597 868 780 875 796 244 316 187 784 603 803 746 123 44 732 734 592 574 457 542 928 709 504 873 732 89 778 801 823 365 750 599 255 932 823 456 574 744 288 535 507 345 224 182 319 695 477 102 111 461 185 298 639 655 970 210 621 193 975 971 480 819 984 980 332 569 56 1 258 501 215 760 777 698 764 539 757 338 64 493 586 889 918 784 858
195 402 626 617 217 179 639 805 657 189 424 249 708 74 157 242 57 889 920 989 963 287 249 568 235 833 232 915 536 832 503 806 646 723 760 193 357 297 489 279 251 625 406 416 493 50 620 645 610 612 763 127 94 412 951 622 928 43 740 637 560 842 325 579 789 585 468 797 797 74 131 396 722 854 514 704 991 855 18 355 211 660 553 633 194 970 70 586 321 1000 105 436 939 709 563 10 185 407 666 122
769 140 169 834 748 412 445 843 620 484 452 604 270 935 889 636 172 651 51 261 952 394 769 256 291 322 206 781 824 42 711 819 819 639 800 552 444 843 51 564 436 577 740 392 511 262 25 533 531 424 646 947 111 272 552 26 909 418 674 847 542 56 211 525 151 22 83 566 258 313 327 792 369 297 517 793 822 740 463 8 405 818 288 631 720 613 253 993 165 133 160 877 985 42 975 233 959 370 594 554
244 923 540 838 949 900 413 290 408 161 48 253 134 527 902 628 580 461 122 464 793 107 39 607 785 149 917 1 192 300 466 523 229 925 799 644 823 663 326 536 501 381 847 235 96 871 0 1 214 149 512 162 313 736 879 852 696 945 775 445 740 389 514 997 245 760 371 416 526 523 990 815 785 310 328 572 788 994 304 663 844 440 178 81 996 668 374 891 352 139 946 271 512 463 252 552 823 345 896 447
443 197 264 473 374 959 863 376 127 486 632 943 397 702 140 438 306 727 270 666 852 901 997 779 242 14 588 473 432 790 656 735 388 649 572 865 480 687 914 803 172 780 214 84 457 867 80 975 360 424 263 134 276 724 725 614 768 228 749 115 335 762 803 308 53 848 560 188 904 484 676 635 759 65 238 765 680 40 543 138 387 997 465 96 343 360 273 667 622 414 961 406 123 306 460 185 450 683 423 281
990 530 659 321 958 42 137 645 513 744 705 963 340 5 917 54 495 699 599 303 93 574 423 231 535 544 99 583 246 250 593 462 562 679 521 562 639 605 836 337 796 52 609 501 834 155 269 106 923 766 522 411 180 318 389 873 220 474 98 372 943 917 266 363 558 91 966 211 300 671 359 205 652 487 33 897 86 567 750 548 747 855 822 983 273 68 110 526 514 943 227 51 308 404 813 793 270 603 721 754
746 872 62 400 22 487 436 345 57 262 310 655 425 433 834 79 151 904 866 531 443 898 85 525 703 732 317 129 85 585 302 891 70 68 678 400 438 395 540 66 988 861 79 773 592 192 694 829 488 451 143 268 333 103 297 944 23 636 727 676 840 640 243 518 279 499 311 217 154 752 218 725 605 461 322 499 872 733 266 215 829 486 189 996 885 244 406 390 399 30 421 842 61 746 792 913 710 292 883 284
294 38 177 389 658 240 435 228 604 143 592 986 677 775 743 741 194 840 160 547 877 789 115 266 578 454 982 802 118 375 999 583 833 977 777 547 501 376 349 237 145 446 537 24 515 876 686 827 217 754 570 559 584 753 543 706 585 974 840 346 641 386 925 256 107 354 720 918 761 494 631 664 635 949 833 945 207 215 707 749 306 933 255 259 820 108 67 637 797 746 546 281 711 338 137 786 482 866 645 632
297 951 539 505 182 695 748 310 262 919 451 986 769 470 320 807 70 223 248 418 994 18 138 862 581 534 1 600 250 519 496 814 475 519 175 454 129 486 302 661 481 224 894 932 676 781 536 656 52 200 358 70 674 789 190 805 682 158 502 685 738 898 889 521 288 480 689 416 998 619 758 532 687 36 933 985 210 419 569 76 40 474 502 794 731 392 605 7 444 218 440 902 762 866 657 727 409 655 224 75
111 528 148 859 366 956 801 713 722 113 282 896 234 535 110 807 59 794 805 840 157 841 943 398 872 673 394 438 437 543 302 387 535 941 717 405 802 462 365 734 814 438 191 20 54 724 710 468 393 462 994 363 280 177 531 18 641 618 517 627 478 583 696 393 609 553 894 575 360 60 595 650 418 481 48 929 932 706 771 145 736 94 299 94 658 228 277 171 647 203 265 128 494 401 205 871 313 925 162 631
902 184 839 137 52 283 592 378 565 475 956 501 878 518 456 689 685 385 199 834 903 883 742 454 93 534 330 0 765 827 371 362 955 99 307 639 116 893 377 169 547 475 555 509 90 66 129 836 739 923 299 43 958 523 213 974 322 7 703 457 367 577 706 275 38 612 485 510 685 234 654 301 698 728 162 584 514 132 591 360 459 520 58 7 302 132 390 236 553 633 844 970 670 277 7 626 279 958 973 301
480 641 241 560 650 211 192 281 373 244 428 621 79 686 888 412 949 28 165 251 189 830 904 847 846 816 0 762 52 382 649 634 163 699 732 328 707 253 726 401 763 751 179 402 961 819 699 663 675 402 250 579 911 519 537 905 736 735 413 563 804 205 688 348 412 682 837 113 403 68 624 394 291 3 984 311 989 980 169 353 687 631 955 49 393 145 999 608 760 236 751 891 504 251 70 53 755 782 650 303
946 476 366 999 948 771 183 750 981 952 780 907 922 557 230 212 144 514 775 168 391 487 809 154 121 533 912 880 410 476 903 39 871 553 242 977 578 693 762 322 848 5 229 522 832 866 154 492 590 844 773 557 684 363 449 418 889 599 921 507 448 594 290 756 154 723 360 171 972 140 175 738 707 277 945 885 687 976 982 486 980 906 157 580 551 976 597 850 680 864 69 836 659 130 890 651 818 456 943 424
123 748 968 699 665 594 232 242 111 658 212 269 735 148 802 787 332 886 869 573 368 15 318 515 202 411 200 980 397 284 80 714 695 897 138 158 97 480 85 558 376 382 143 295 888 73 861 766 33 979 799 596 188 183 428 668 512 72 365 597 864 137 206 131 162 535 397 780 865 888 154 204 6 382 145 245 723 213 311 660 869 550 517 913 186 789 26 485 46 272 562 517 580 372 62 753 117 96 387 321
428 437 706 487 325 270 420 112 847 203 502 386 419 283 897 232 146 906 144 710 361 22 644 594 506 963 262 742 773 41 674 263 67 39 38 201 518 984 278 66 706 487 368 800 823 531 31 392 681 725 332 880 58 661 532 358 317 262 139 820 196 737 52 815 58 969 253 692 192 902 378 445 612 344 779 368 458 214 899 312 953 824 913 207 21 231 377 937 466 125 869 20 494 840 978 247 698 530 588 389
807 779 135 651 74 698 477 131 653 965 943 568 802 46 987 177 942 525 197 710 503 887 285 931 338 798 945 428 308 870 560 337 483 326 86 249 906 784 589 467 124 844 312 268 753 306 350 430 361 167 813 879 941 136 294 767 441 872 702 855 321 943 327 596 345 319 582 210 212 775 991 906 290 988 12 566 508 65 533 293 305 979 40 453 216 82 952 881 279 292 269 653 538 963 584 235 151 822 224 136
227 5 598 303 273 830 534 595 159 995 362 391 810 651 305 281 546 642 904 187 958 656 318 394 84 684 820 224 409 641 226 222 375 797 48 436 777 465 30 477 383 49 775 986 72 8 324 139 159 627 418 114 679 977 366 295 605 324 602 48 341 554 657 86 143 10 285 584 315 261 799 197 209 734 984 330 891 409 731 684 98 19 992 683 411 493 882 480 854 698 697 585 309 421 201 580 253 665 459 885
855 147 901 128 826 43 318 225 672 880 549 786 735 886 600 917 157 572 306 347 546 926 781 689 879 155 746 585 309 395 602 1 226 866 277 938 639 351 999 57 267 491 559 389 415 193 77 395 679 306 773 576 238 786 131 254 975 632 768 513 398 11 28 558 225 343 665 939 926 196 598 524 822 622 440 159 501 990 241 401 178 961 324 634 486 165 685 577 364 289 139 525 411 693 474 879 278 924 256 840
721 166 378 393 104 178 208 839 616 7 617 757 633 661 416 103 154 112 87 5 825 996 887 278 359 145 618 553 801 850 53 696 134 706 443 174 756 887 225 75 270 178 629 94 115 39 886 850 642 261 392 88 643 200 579 817 161 425 190 621 674 510 400 610 441 766 838 753 421 292 353 90 859 603 5 892 130 394 832 144 185 488 223 137 31 778 799 823 546 257 905 545 779 695 239 515 43 228 953 993
896 348 666 152 147 775 129 539 129 453 289 228 387 503 185 35 749 173 340 289 779 765 322 164 407 59 136 625 682 473 197 729 734 546 924 907 257 223 590 889 395 963 776 933 741 888 129 861 779 529 525 484 873 130 945 382 600 731 518 870 14 110 281 199 118 451 798 673 214 372 917 190 403 732 927 924 958 706 194 352 296 611 943 871 130 404 130 786 556 23 866 396 568 933 897 112 538 655 383 740
499 994 509 545 326 712 961 379 665 816 367 644 650 413 431 641 905 456 647 813 112 733 564 584 782 519 475 258 272 964 328 710 564 580 759 333 783 760 34 695 948 240 523 193 450 680 14 597 281 850 612 3 441 433 449 61 963 178 994 969 292 949 480 874 823 360 678 854 199 371 170 866 243 370 728 970 721 321 357 332 666 205 405 468 762 256 189 930 146 800 303 423 729 694 828 337 802 752 507 716
250 509 183 39 532 801 798 603 122 524 822 383 441 728 105 485 199 19 577 19 312 882 739 630 730 47 967 252 135 611 491 725 965 952 636 277 448 468 170 358 272 37 388 948 816 467 611 97 751 589 686 655 678 851 523 786 377 330 587 43 272 617 161 489 460 244 853 431 682 105 777 90 27 149 755 317 404 180 661 990 194 356 475 738 546 219 614 975 344 519 39 518 750 888 675 600 9 690 595 38
985 862 429 991 580 312 768 699 795 178 546 89 10 327 292 128 6 7 478 542 221 351 219 533 24 234 72 799 207 457 895 797 889 632 966 792 339 325 903 146 881 116 223 909 661 553 694 711 426 495 547 379 137 810 644 392 64 457 602 411 811 861 472 518 957 232 207 306 416 97 690 640 231 74 331 847 148 875 455 866 741 831 937 531 931 512 150 940 25 369 487 169 825 649 835 119 146 799 903 250
59 969 200 49 125 208 1000 739 363 670 601 90 575 759 332 837 987 479 16 734 987 215 800 869 186 921 196 644 823 379 652 704 241 113 960 4 318 549 853 32 590 574 24 239 39 854 618 916 168 802 869 660 710 405 202 450 471 284 853 594 241 54 791 375 139 275 546 323 624 112 717 475 638 606 368 362 362 603 898 478 417 160 304 403 469 877 104 824 297 502 502 500 727 964 785 198 985 528 820 81
607 162 252 106 402 463 355 592 445 101 474 197 912 199 40 416 763 286 5 963 914 871 355 161 696 23 379 773 154 973 190 660 865 316 316 353 984 54 142 393 707 854 783 297 327 922 878 889 765 399 726 574 878 689 727 808 728 793 755 927 997 334 991 635 241 717 991 63 400 765 509 125 40 955 992 648 752 298 327 814 402 228 196 263 448 601 544 724 505 747 792 545 61 637 59 601 562 675 318 231
530 759 813 993 396 433 393 250 893 971 10 460 913 575 24 722 524 509 595 354 434 814 749 957 315 648 736 917 938 26 899 427 476 782 761 748 579 396 66 428 783 379 441 968 675 647 245 324 886 721 910 953 283 520 607 83 663 19 945 408 192 527 526 772 797 274 434 696 227 844 733 139 10 767 580 349 990 958 755 979 180 186 511 423 867 753 966 332 683 178 198 730 483 482 969 377 621 233 943 780
447 824 642 371 427 898 317 589 715 1000 738 300 512 734 332 143 98 643 159 947 701 343 153 45 779 312 977 164 654 11 922 358 837 630 712 658 404 826 319 351 324 648 955 504 401 317 852 963 494 252 626 518 567 689 76 17 376 406 242 866 130 865 464 232 314 781 576 774 820 871 921 616 444 960 271 78 467 736 954 632 474 440 889 478 459 836 200 746 186 735 548 455 62 833 409 941 197 508 94 859
332 325 82 780 754 704 138 12 394 459 896 46 775 893 804 457 299 574 566 978 50 44 786 75 991 806 854 158 973 535 605 341 265 6 420 629 304 718 695 424 356 844 514 766 748 141 30 635 950 72 650 851 688 288 328 453 101 178 273 906 436 344 31 642 645 236 662 952 627 921 217 528 429 338 879 275 127 350 292 684 476 993 426 549 490 897 597 577 404 17 63 709 673 571 29 382 25 153 544 241
