50
257 707 273 29 541 31 617 146 208 561 861 639 105 263 379 865 354 572 992 442 357 68 534 786 740 502 495 971 539 678 622 129 302 415 172 215 744 406 451 910 447 481 826 358 280 759 656 721 174 414
619 340 965 262 909 287 603 279 612 77 96 464 682 747 633 16 987 287 120 93 115 758 98 664 612 929 612 390 850 646 698 326 111 726 928 290 599 401 362 558 268 713 262 545 882 132 335 847 923 56
218 52 926 785 904 216 479 358 158 268 302 871 922 67 651 544 598 880 903 963 284 437 886 267 230 217 867 948 331 468 407 885 309 323 880 217 439 54 176 263 68 821 239 514 352 745 165 957 652 4
899 970 2 830 2 591 421 999 204 126 74 56 557 261 364 779 979 207 303 888 880 742 763 704 666 578 748 598 428 279 662 177 220 187 662 107 679 895 175 229 89 903 265 0 884 89 25 103 480 554
620 245 147 300 273 749 927 373 96 451 15 951 54 410 14 848 793 782 895 170 325 708 721 730 222 385 336 981 84 121 330 223 606 413 886 166 728 911 167 693 80 106 940 14 107 778 814 705 489 632
173 780 153 428 559 754 411 790 593 736 130 357 900 10 138 812 689 882 701 780 483 349 610 848 38 967 928 299 933 209 741 133 340 743 852 651 345 880 901 697 157 723 503 454 696 981 462 714 995 889
818 632 334 91 640 270 908 805 653 564 510 177 959 476 804 597 700 285 422 629 926 587 726 639 46 861 850 917 65 630 203 80 136 644 371 337 52 602 323 239 339 978 896 440 680 471 538 437 731 230
890 940 982 499 777 593 47 750 878 85 44 141 403 10 481 376 247 363 514 1000 397 83 94 516 311 637 13 184 71 887 298 280 206 272 471 909 429 297 698 57 993 110 441 260 923 18 768 621 204 197
231 18 392 52 736 564 831 405 390 555 693 342 748 826 449 217 110 997 336 754 357 772 480 968 757 397 80 228 616 601 810 475 942 400 453 525 37 960 377 450 879 654 500 578 368 715 689 100 421 398
222 232 318 72 308 318 80 868 224 550 385 609 276 159 184 149 783 185 764 454 178 271 854 522 344 802 294 855 81 644 395 233 87 350 874 593 654 523 488 458 492 910 281 409 259 499 686 153 158 992
690 555 271 252 781 456 399 151 20 279 833 596 372 398 289 116 827 726 733 471 126 197 434 134 636 822 810 549 631 942 166 630 730 560 953 48 981 233 221 701 491 486 595 558 690 534 928 217 891 733
600 662 984 354 623 714 187 138 690 520 894 537 64 920 265 715 607 739 524 433 121 732 292 245 842 558 416 703 476 735 511 3 105 433 462 592 347 963 533 611 915 462 320 127 375 323 682 372 822 971
831 859 664 277 925 715 980 286 20 729 331 522 999 571 538 449 138 670 859 642 162 406 945 284 753 230 663 776 967 693 595 77 134 377 237 894 316 103 438 937 959 690 693 910 253 887 588 227 161 750
244 306 885 822 783 463 824 276 52 991 523 468 897 282 348 451 942 161 864 63 950 176 292 376 711 368 338 217 937 821 79 234 22 868 248 241 711 49 739 601 622 446 874 73 685 117 734 678 338 944
21 914 661 315 854 246 419 958 668 83 332 604 116 227 498 793 897 626 727 129 205 437 450 439 462 830 862 659 513 281 308 522 400 541 978 672 387 387 487 307 894 893 74 865 845 279 875 151 911 253
46 167 675 82 605 739 516 53 813 176 250 101 390 958 591 901 149 826 203 466 78 423 936 761 36 316 979 369 782 336 973 948 260 590 459 957 171 738 572 980 51 384 283 945 331 795 668 163 437 167
183 897 843 612 1 585 2 117 555 929 593 900 645 914 511 820 440 789 714 868 393 159 157 958 510 470 831 956 188 573 904 437 709 25 449 610 173 621 98 816 376 137 134 224 765 815 949 319 822 314
959 85 58 861 506 604 216 673 902 966 292 135 32 187 668 816 453 514 460 152 848 991 39 306 955 812 887 915 265 171 327 177 25 591 192 84 779 637 858 545 457 500 810 815 572 105 17 169 689 613
991 570 569 743 713 625 14 87 103 60 684 549 342 519 815 311 546 699 689 43 945 274 742 379 393 817 468 526 556 75 398 725 147 637 817 69 437 850 223 636 4 659 906 187 390 212 36 930 648 472
676 512 137 404 905 130 601 716 733 617 312 3 470 793 806 1 857 444 714 807 64 949 11 721 384 806 319 692 920 757 676 169 275 585 885 998 347 974 212 46 378 259 20 443 391 589 770 471 57 418
590 439 608 428 927 66 674 245 74 959 7 912 896 633 956 112 467 729 702 516 539 919 889 575 343 555 416 60 284 74 440 588 154 819 612 800 24 989 140 138 816 214 304 89 779 81 73 943 400 929
987 809 798 271 66 209 588 972 732 129 255 205 562 878 442 281 465 295 92 272 426 962 529 327 738 233 497 118 818 138 520 910 241 723 271 586 187 534 829 853 184 317 631 198 752 583 931 820 566 722
544 522 321 877 664 220 92 181 923 445 436 569 329 530 798 807 866 338 286 237 427 14 741 893 831 772 404 872 52 649 451 958 199 845 327 483 548 627 763 817 699 286 165 334 929 360 655 782 950 929
136 810 144 827 55 870 119 318 697 464 382 75 371 804 829 89 266 800 402 282 280 331 575 696 987 344 787 748 315 504 255 679 934 811 89 419 548 315 13 575 192 598 231 611 866 634 758 386 66 695
131 46 448 987 697 668 596 355 564 154 270 578 454 555 211 548 59 385 489 181 103 316 289 723 711 294 227 267 53 803 888 301 70 123 140 733 86 667 294 757 989 843 648 385 988 38 389 889 411 149
901 463 514 377 449 841 138 610 7 941 4 475 263 910 619 483 863 216 450 581 770 623 953 465 337 630 746 409 231 550 237 366 623 479 264 79 679 900 238 188 753 220 319 403 148 228 906 176 313 964
278 88 86 228 132 793 741 263 811 248 344 166 795 681 663 475 618 140 596 134 503 674 852 813 68 810 249 720 878 93 177 716 665 24 378 353 4 473 939 394 391 38 344 1 894 590 401 233 837 197
847 482 575 232 56 880 272 599 143 578 749 991 158 79 327 870 502 948 671 864 138 881 391 121 595 765 296 565 511 288 957 673 597 890 16 767 974 387 624 614 625 992 878 597 830 268 244 937 249 215
520 553 526 975 106 713 773 381 842 328 777 730 33 745 610 508 256 979 792 127 658 370 86 793 203 615 630 574 139 721 270 542 529 203 783 833 34 768 453 676 880 791 596 128 839 50 81 946 690 394
186 640 462 209 787 226 216 661 819 780 405 729 205 572 291 328 134 255 307 882 248 675 90 852 765 235 72 933 987 665 635 136 132 286 675 984 875 827 305 595 607 374 742 609 887 143 133 724 142 958
702 884 621 186 999 993 250 234 994 119 319 472 130 297 180 870 249 500 462 143 799 168 664 495 630 882 216 764 518 365 837 215 1000 277 643 408 627 552 147 106 561 137 560 891 375 94 351 485 406 321
145 188 672 49 639 578 761 869 423 450 823 680 422 248 426 160 835 356 270 47 970 564 81 925 445 827 461 138 892 288 52 198 895 551 386 17 679 917 279 253 636 968 120 517 464 188 393 386 987 883
548 659 36 237 902 751 816 682 787 661 711 408 744 816 985 397 871 775 81 732 144 188 562 548 363 330 408 931 184 806 397 300 441 681 556 953 758 575 46 538 597 890 423 381 493 875 698 492 168 417
660 346 967 915 939 200 129 143 59 680 129 296 373 771 148 522 380 127 460 992 964 335 854 601 909 35 951 976 544 298 259 283 186 41 247 246 530 321 523 163 629 534 575 229 695 358 983 760 513 924
489 844 82 47 981 126 12 716 650 761 695 930 859 64 332 616 132 441 188 632 851 660 67 504 398 48 825 287 336 112 113 839 577 952 771 435 523 615 175 808 384 896 625 394 793 513 143 11 26 636
478 248 195 240 970 559 43 809 193 464 179 315 155 996 61 93 608 261 931 738 915 972 181 957 648 955 973 839 163 208 436 850 335 665 761 645 217 5 376 481 65 436 860 68 176 521 747 854 234 91
49 221 315 236 584 462 106 66 829 288 196 479 602 36 931 228 198 539 632 662 923 716 977 539 147 737 388 984 5 172 933 664 64 982 752 287 354 672 35 778 326 809 581 618 870 668 6 489 650 881
744 981 727 323 560 48 434 499 968 205 707 330 51 344 878 369 184 531 919 452 560 691 582 176 114 679 456 138 497 140 165 740 164 865 844 587 701 575 83 374 687 270 283 692 644 258 428 38 776 378
168 857 331 865 460 894 262 478 612 41 870 118 30 466 817 611 390 915 39 445 639 328 636 5 87 774 578 30 776 86 743 240 615 724 518 388 614 349 518 193 496 130 99 158 329 467 459 990 652 905
65 30 480 494 948 93 85 577 159 556 659 664 365 709 455 626 305 436 16 947 795 569 734 899 264 313 635 321 634 656 775 40 938 854 72 210 108 583 7 778 541 766 807 551 416 474 125 891 272 610
517 772 466 817 725 826 220 125 149 441 665 471 151 253 674 628 969 246 598 356 82 832 930 443 678 677 120 801 507 144 357 140 1 908 546 126 600 45 882 841 218 985 195 567 790 933 703 255 640 126
49 645 307 542 97 20 880 898 175 237 128 649 439 10 818 844 762 675 993 398 986 912 672 513 523 976 640 867 994 180 182 369 23 294 444 850 76 253 317 976 62 960 96 835 493 457 347 414 724 174
785 876 413 438 800 615 487 839 681 633 605 489 246 399 624 842 180 845 254 792 754 177 150 467 603 918 379 167 572 749 237 729 780 238 999 654 232 688 520 34 100 251 892 945 716 728 751 318 180 825
525 413 572 186 545 761 3 880 207 785 758 488 708 307 541 790 301 964 991 994 824 805 180 45 256 292 147 260 743 110 291 718 84 498 454 998 949 506 343 379 423 266 780 519 287 648 3 44 566 406
459 527 551 335 114 478 627 603 25 193 998 970 353 148 997 972 792 548 413 671 861 174 876 919 992 829 884 728 649 227 215 31 5 496 499 961 518 793 3 520 405 776 382 960 402 196 785 789 400 5
51 911 694 726 566 980 148 826 318 819 127 757 966 341 501 391 847 515 612 69 130 963 220 43 495 426 923 837 905 933 470 88 995 645 418 809 652 296 527 850 395 573 797 718 163 177 242 615 198 642
3 866 684 456 20 946 406 555 286 219 679 627 376 131 506 524 398 618 530 394 372 747 880 842 259 760 729 932 492 516 650 550 506 870 436 595 175 732 726 869 762 27 159 585 148 748 536 357 470 65
932 785 982 277 969 210 756 324 943 250 690 161 88 614 438 164 304 59 424 910 469 31 526 509 509 802 453 119 680 142 534 509 20 888 200 785 705 328 842 736 133 786 392 166 857 866 680 827 628 247
619 801 793 656 914 700 292 495 595 180 118 375 411 974 373 101 330 181 643 207 257 905 940 322 173 607 150 784 733 537 657 845 829 41 813 464 167 516 749 508 287 953 101 74 564 597 884 848 682 601
174 584 803 818 368 473 279 363 475 455 589 302 175 3 921 995 998 465 763 292 883 112 355 453 894 727 994 768 723 330 595 500 789 847 975 165 865 589 822 69 20 660 181 825 60 716 156 398 70 271
